1@PARV	0	0.149672591206735	0.146866230121609	0.124602432179607	0.126473339569691	0.119363891487371	0.123854069223573	0.140318054256314	0.178110383536015	0.122357343311506	0.37754911131899	0.369504209541628	0.37399438727783	0.383161833489242	0.372871842843779	0.35977549111319	0.382413470533209	0.376239476145931	0.368568755846586	0.36333021515435	0.188026192703461	0.175491113189897	0.196632366697848	0.18578110383536	0.17754911131899	0.179794200187091	0.179981290926099	0.172684752104771	0.179794200187091	0.175491113189897	0.223386342376052	0.191019644527596	0.207670720299345	0.20467726847521	0.196632366697848	0.231244153414406	0.214780168381665	0.229373246024322	0.196819457436857	0.202619270346118	0.214780168381665	0.217960710944808	0.219457436856876	0.209915809167446	0.215528531337699	0.206361085126286	0.207857811038354	0.213844714686623	0.219083255378859	0.211973807296539	0.188400374181478	0.205238540692236	0.19532273152479	0.193638914873714	0.200748362956034	0.196258185219832	0.197193638914874	0.205799812909261	0.190458372310571	0.213470533208606
2@PARV	0.149672591206735	0	0.143872778297474	0.143311506080449	0.140318054256314	0.127595884003742	0.138821328344247	0.120486435921422	0.151169317118803	0.131711880261927	0.373433115060805	0.364265668849392	0.370252572497661	0.379045837231057	0.367633302151543	0.357530402245089	0.379794200187091	0.371749298409729	0.361085126286249	0.358091674462114	0.180542563143124	0.168755846585594	0.173058933582788	0.173433115060804	0.176800748362956	0.168942937324602	0.171749298409729	0.161459307764266	0.173807296538821	0.167259120673527	0.183723105706268	0.164826941066417	0.179232927970065	0.174368568755847	0.162207670720299	0.194200187090739	0.182600561272217	0.193826005612722	0.172871842843779	0.165575304022451	0.189710009354537	0.197380729653882	0.197006548175865	0.194574368568756	0.195696913002806	0.191019644527596	0.186903648269411	0.2	0.197006548175865	0.196632366697848	0.173058933582788	0.173433115060804	0.170626753975678	0.177923292797007	0.170065481758653	0.174929840972872	0.161646398503274	0.179981290926099	0.16688493919551	0.188774555659495
3@PARV	0.146866230121609	0.143872778297474	0	0.144246959775491	0.162207670720299	0.147614593077643	0.145743685687558	0.131150608044902	0.155098222637979	0.144621141253508	0.37511693171188	0.367820392890552	0.371936389148737	0.383723105706268	0.37043966323667	0.366323666978485	0.384471468662301	0.376052385406922	0.36688493919551	0.361646398503274	0.184845650140318	0.174555659494855	0.210289990645463	0.192703461178672	0.18110383536015	0.183348924228251	0.185406922357343	0.184471468662301	0.172123479887746	0.181290926099158	0.205238540692236	0.19644527595884	0.189522918615529	0.190645463049579	0.179232927970065	0.207483629560337	0.196632366697848	0.204490177736202	0.200374181478017	0.185219831618335	0.224321796071094	0.225631431244153	0.227876520112254	0.22245088868101	0.225070159027128	0.218521983161833	0.214031805425631	0.22600561272217	0.222263797942002	0.223012160898036	0.170626753975678	0.192703461178672	0.177923292797007	0.171375116931712	0.175865294667914	0.182974742750234	0.18465855940131	0.202993451824135	0.176052385406922	0.198316183348924
4@PARV	0.124602432179607	0.143311506080449	0.144246959775491	0	0.123854069223573	0.134705332086062	0.13732460243218	0.106267539756782	0.150046772684752	0.134705332086062	0.373058933582788	0.363143124415341	0.363143124415341	0.37754911131899	0.372123479887746	0.357530402245089	0.377174929840973	0.372123479887746	0.35622076707203	0.36333021515435	0.203367633302152	0.178484565014032	0.197006548175865	0.194761459307764	0.182413470533209	0.18465855940131	0.191955098222638	0.182787652011225	0.168194574368569	0.1822263797942	0.188587464920486	0.197754911131899	0.191580916744621	0.174742750233863	0.180916744621141	0.197942001870907	0.18821328344247	0.184845650140318	0.20467726847521	0.188400374181478	0.217399438727783	0.223573433115061	0.219083255378859	0.215154349859682	0.218521983161833	0.213844714686623	0.207857811038354	0.219831618334892	0.221702525724977	0.218334892422825	0.177174929840973	0.197006548175865	0.18821328344247	0.167820392890552	0.162207670720299	0.177174929840973	0.185219831618335	0.190458372310571	0.174368568755847	0.191393826005613
5@PARV	0.126473339569691	0.140318054256314	0.162207670720299	0.123854069223573	0	0.128718428437792	0.1444340505145	0.129092609915809	0.169130028063611	0.168381665107577	0.379045837231057	0.370626753975678	0.371000935453695	0.386155285313377	0.378858746492049	0.367633302151543	0.385032740879326	0.378858746492049	0.368942937324602	0.369317118802619	0.201496725912067	0.194948550046773	0.20710944808232	0.208980355472404	0.200748362956034	0.208980355472404	0.200187090739008	0.181665107577175	0.191019644527596	0.20467726847521	0.202806361085126	0.203741814780168	0.201309635173059	0.18110383536015	0.190271281571562	0.202432179607109	0.190832553788587	0.21066417212348	0.211038353601497	0.198877455565949	0.226379794200187	0.22843779232928	0.230682881197381	0.226379794200187	0.23199251637044	0.223947614593078	0.22132834424696	0.231057062675398	0.22843779232928	0.224321796071094	0.190271281571562	0.202993451824135	0.199812909260992	0.18578110383536	0.19289055191768	0.19289055191768	0.198690364826941	0.196819457436857	0.181852198316183	0.203741814780168
6@PARV	0.119363891487371	0.127595884003742	0.147614593077643	0.134705332086062	0.128718428437792	0	0.131711880261927	0.124976613657624	0.16089803554724	0.116370439663237	0.37043966323667	0.359401309635173	0.364639850327409	0.373433115060805	0.364639850327409	0.353414405986904	0.372684752104771	0.366510757717493	0.361459307764266	0.354724041159963	0.185406922357343	0.158652946679139	0.18578110383536	0.184284377923293	0.170065481758653	0.183536014967259	0.177736202057998	0.161833489242282	0.173058933582788	0.169504209541628	0.212909260991581	0.175304022450889	0.197942001870907	0.1822263797942	0.183910196445276	0.214405986903648	0.200187090739008	0.209167446211413	0.189710009354537	0.190645463049579	0.222263797942002	0.224321796071094	0.223573433115061	0.221515434985968	0.224134705332086	0.217586529466791	0.213844714686623	0.22245088868101	0.224321796071094	0.220579981290926	0.179794200187091	0.19176800748363	0.185968194574369	0.188400374181478	0.189148737137512	0.19176800748363	0.178858746492049	0.1822263797942	0.180729653882133	0.201870907390084
7@PARV	0.123854069223573	0.138821328344247	0.145743685687558	0.13732460243218	0.1444340505145	0.131711880261927	0	0.139943872778297	0.152291861552853	0.142188961646398	0.373433115060805	0.364265668849392	0.369504209541628	0.380542563143124	0.368755846585594	0.360149672591207	0.381290926099158	0.372871842843779	0.36333021515435	0.358840037418148	0.191393826005613	0.183348924228251	0.192516370439663	0.192516370439663	0.18578110383536	0.17754911131899	0.195696913002806	0.174181478016838	0.178297474275023	0.17399438727783	0.205425631431244	0.189148737137512	0.196071094480823	0.190832553788587	0.182413470533209	0.214780168381665	0.202057998129093	0.205051449953227	0.192703461178672	0.185032740879326	0.214405986903648	0.222825070159027	0.216463985032741	0.209915809167446	0.212909260991581	0.216463985032741	0.204490177736202	0.217586529466791	0.219457436856876	0.218334892422825	0.189148737137512	0.198129092609916	0.192703461178672	0.188774555659495	0.190271281571562	0.188026192703461	0.190084190832554	0.200187090739008	0.186342376052385	0.202619270346118
8@PARV	0.140318054256314	0.120486435921422	0.131150608044902	0.106267539756782	0.129092609915809	0.124976613657624	0.139943872778297	0	0.151917680074836	0.127595884003742	0.368194574368569	0.361272217025257	0.362768942937325	0.373433115060805	0.364639850327409	0.356407857811038	0.373433115060805	0.369130028063611	0.358840037418148	0.35622076707203	0.203741814780168	0.177736202057998	0.190645463049579	0.197754911131899	0.177923292797007	0.186155285313377	0.184097287184284	0.169691300280636	0.170813844714687	0.178484565014032	0.193826005612722	0.185032740879326	0.191580916744621	0.18110383536015	0.171188026192703	0.20355472404116	0.198690364826941	0.193826005612722	0.193077642656689	0.189148737137512	0.236108512628625	0.23666978484565	0.233302151543499	0.230869971936389	0.234985968194574	0.228811973807297	0.223947614593078	0.230308699719364	0.230308699719364	0.231805425631431	0.176426566884939	0.189148737137512	0.186716557530402	0.176800748362956	0.177923292797007	0.182413470533209	0.181852198316183	0.187464920486436	0.171375116931712	0.186903648269411
9@PARV	0.178110383536015	0.151169317118803	0.155098222637979	0.150046772684752	0.169130028063611	0.16089803554724	0.152291861552853	0.151917680074836	0	0.160149672591207	0.37754911131899	0.370626753975678	0.370626753975678	0.379420018709074	0.374742750233863	0.361272217025257	0.37867165575304	0.376987839101964	0.3644527595884	0.365949485500468	0.180542563143124	0.171000935453695	0.188026192703461	0.182039289055192	0.172310570626754	0.182787652011225	0.177736202057998	0.17867165575304	0.167072029934518	0.170626753975678	0.184845650140318	0.184284377923293	0.154162768942937	0.16688493919551	0.161459307764266	0.168755846585594	0.154911131898971	0.181852198316183	0.174368568755847	0.158840037418148	0.206173994387278	0.212722170252573	0.210102899906455	0.204303086997194	0.205051449953227	0.2	0.195135640785781	0.211599625818522	0.210102899906455	0.210851262862488	0.173807296538821	0.169317118802619	0.173246024321796	0.162207670720299	0.16333021515435	0.166697848456501	0.176613657623948	0.193826005612722	0.154911131898971	0.173433115060804
10@PARV	0.122357343311506	0.131711880261927	0.144621141253508	0.134705332086062	0.168381665107577	0.116370439663237	0.142188961646398	0.127595884003742	0.160149672591207	0	0.368194574368569	0.35977549111319	0.363143124415341	0.373807296538821	0.362394761459308	0.35266604303087	0.372684752104771	0.365762394761459	0.358840037418148	0.352478952291862	0.188400374181478	0.16688493919551	0.188026192703461	0.180542563143124	0.170065481758653	0.176800748362956	0.179232927970065	0.162581852198316	0.176052385406922	0.165388213283442	0.20355472404116	0.179794200187091	0.18821328344247	0.193077642656689	0.182039289055192	0.208793264733396	0.202432179607109	0.202806361085126	0.187090739008419	0.188400374181478	0.21889616463985	0.223199251637044	0.220954162768943	0.216651075771749	0.220392890551918	0.213096351730589	0.207857811038354	0.219457436856876	0.220954162768943	0.217212347988775	0.181290926099158	0.18578110383536	0.193077642656689	0.180168381665108	0.182787652011225	0.18465855940131	0.184845650140318	0.198690364826941	0.184845650140318	0.194761459307764
11@MEX	0.37754911131899	0.373433115060805	0.37511693171188	0.373058933582788	0.379045837231057	0.37043966323667	0.373433115060805	0.368194574368569	0.37754911131899	0.368194574368569	0	0.158091674462114	0.171936389148737	0.151543498596819	0.124789522918616	0.171188026192703	0.172123479887746	0.150608044901777	0.16089803554724	0.139943872778297	0.372871842843779	0.369317118802619	0.381478016838167	0.379232927970065	0.375491113189897	0.373246024321796	0.381665107577175	0.369878391019645	0.368755846585594	0.373058933582788	0.376800748362956	0.378110383536015	0.374929840972872	0.380542563143124	0.373246024321796	0.381665107577175	0.376052385406922	0.382039289055192	0.372684752104771	0.372497661365762	0.387277829747428	0.38933582787652	0.387090739008419	0.386529466791394	0.384284377923293	0.384097287184284	0.378484565014032	0.38933582787652	0.38821328344247	0.38821328344247	0.373246024321796	0.376613657623948	0.377923292797007	0.373246024321796	0.372497661365762	0.372871842843779	0.375304022450889	0.370065481758653	0.378297474275023	0.374742750233863
12@MEX	0.369504209541628	0.364265668849392	0.367820392890552	0.363143124415341	0.370626753975678	0.359401309635173	0.364265668849392	0.361272217025257	0.370626753975678	0.35977549111319	0.158091674462114	0	0.162020579981291	0.166323666978485	0.136202057998129	0.177736202057998	0.1644527595884	0.155659494855005	0.153975678203929	0.141627689429373	0.365201122544434	0.360523854069224	0.372310570626754	0.371188026192703	0.367446211412535	0.367820392890552	0.371000935453695	0.362956033676333	0.358091674462114	0.370252572497661	0.367259120673527	0.368942937324602	0.370252572497661	0.371749298409729	0.36333021515435	0.374742750233863	0.370626753975678	0.370626753975678	0.36688493919551	0.365201122544434	0.378858746492049	0.380542563143124	0.37754911131899	0.377362020579981	0.375865294667914	0.375304022450889	0.369691300280636	0.379794200187091	0.379045837231057	0.37867165575304	0.366323666978485	0.369691300280636	0.371000935453695	0.367820392890552	0.366697848456501	0.365575304022451	0.366510757717493	0.361646398503274	0.369130028063611	0.370065481758653
13@MEX	0.37399438727783	0.370252572497661	0.371936389148737	0.363143124415341	0.371000935453695	0.364639850327409	0.369504209541628	0.362768942937325	0.370626753975678	0.363143124415341	0.171936389148737	0.162020579981291	0	0.170065481758653	0.167633302151544	0.17511693171188	0.1644527595884	0.170252572497661	0.171188026192703	0.151730589335828	0.370065481758653	0.365388213283442	0.378297474275023	0.377923292797007	0.37156220767072	0.373058933582788	0.378110383536015	0.368194574368569	0.361459307764266	0.374368568755847	0.375491113189897	0.374929840972872	0.372497661365762	0.378484565014032	0.369317118802619	0.378858746492049	0.378110383536015	0.375491113189897	0.373246024321796	0.372310570626754	0.388587464920486	0.390271281571562	0.387277829747428	0.387090739008419	0.385219831618335	0.385406922357343	0.37867165575304	0.389522918615529	0.388400374181478	0.388400374181478	0.369691300280636	0.369317118802619	0.371749298409729	0.373433115060805	0.372684752104771	0.37156220767072	0.377362020579981	0.370626753975678	0.369504209541628	0.375678203928905
14@MEX	0.383161833489242	0.379045837231057	0.383723105706268	0.37754911131899	0.386155285313377	0.373433115060805	0.380542563143124	0.373433115060805	0.379420018709074	0.373807296538821	0.151543498596819	0.166323666978485	0.170065481758653	0	0.146492048643592	0.144995322731525	0.129092609915809	0.112067352666043	0.16688493919551	0.150795135640786	0.378858746492049	0.373807296538821	0.387090739008419	0.387090739008419	0.380355472404116	0.3822263797942	0.386155285313377	0.37511693171188	0.369878391019645	0.380542563143124	0.381665107577175	0.380729653882133	0.376052385406922	0.38465855940131	0.377362020579981	0.388026192703461	0.381665107577175	0.386529466791394	0.37754911131899	0.377362020579981	0.393638914873714	0.395696913002806	0.393451824134705	0.39289055191768	0.390645463049579	0.390832553788587	0.385219831618335	0.395696913002806	0.394948550046773	0.394574368568756	0.377736202057998	0.376613657623948	0.380542563143124	0.380355472404116	0.378110383536015	0.378858746492049	0.386155285313377	0.37754911131899	0.379045837231057	0.381478016838167
15@MEX	0.372871842843779	0.367633302151543	0.37043966323667	0.372123479887746	0.378858746492049	0.364639850327409	0.368755846585594	0.364639850327409	0.374742750233863	0.362394761459308	0.124789522918616	0.136202057998129	0.167633302151544	0.146492048643592	0	0.163517305893358	0.152104770813845	0.143685687558466	0.160710944808232	0.127034611786717	0.367820392890552	0.362394761459308	0.372684752104771	0.374555659494855	0.367446211412535	0.369691300280636	0.37511693171188	0.367072029934518	0.365201122544434	0.371749298409729	0.376239476145931	0.372310570626754	0.372871842843779	0.38110383536015	0.368194574368569	0.385968194574369	0.379232927970065	0.383348924228251	0.36688493919551	0.369691300280636	0.383723105706268	0.385406922357343	0.382413470533209	0.3822263797942	0.380729653882133	0.380542563143124	0.374181478016838	0.38465855940131	0.383536014967259	0.383536014967259	0.366697848456501	0.371188026192703	0.374368568755847	0.375678203928905	0.374555659494855	0.372310570626754	0.372123479887746	0.36688493919551	0.374742750233863	0.375678203928905
16@MEX	0.35977549111319	0.357530402245089	0.366323666978485	0.357530402245089	0.367633302151543	0.353414405986904	0.360149672591207	0.356407857811038	0.361272217025257	0.35266604303087	0.171188026192703	0.177736202057998	0.17511693171188	0.144995322731525	0.163517305893358	0	0.181290926099158	0.154911131898971	0.163704396632367	0.160336763330215	0.361833489242282	0.355285313376988	0.362581852198316	0.362581852198316	0.361833489242282	0.362581852198316	0.35977549111319	0.358465855940131	0.352853133769878	0.360149672591207	0.365762394761459	0.359962581852198	0.363517305893358	0.372123479887746	0.361833489242282	0.375491113189897	0.369504209541628	0.375865294667914	0.360149672591207	0.358465855940131	0.37399438727783	0.375678203928905	0.373433115060805	0.373246024321796	0.371000935453695	0.371188026192703	0.365575304022451	0.375678203928905	0.374929840972872	0.374555659494855	0.363704396632367	0.365575304022451	0.365014031805426	0.367072029934518	0.362207670720299	0.363704396632367	0.370626753975678	0.36688493919551	0.366136576239476	0.368568755846586
17@MEX	0.382413470533209	0.379794200187091	0.384471468662301	0.377174929840973	0.385032740879326	0.372684752104771	0.381290926099158	0.373433115060805	0.37867165575304	0.372684752104771	0.172123479887746	0.1644527595884	0.1644527595884	0.129092609915809	0.152104770813845	0.181290926099158	0	0.162207670720299	0.158652946679139	0.146304957904584	0.378110383536015	0.374181478016838	0.385968194574369	0.385219831618335	0.379232927970065	0.378858746492049	0.383161833489242	0.373620205799813	0.370626753975678	0.37867165575304	0.380916744621141	0.378858746492049	0.374929840972872	0.384284377923293	0.37511693171188	0.386903648269411	0.380916744621141	0.386529466791394	0.376426566884939	0.375491113189897	0.392142188961646	0.394200187090739	0.391955098222638	0.390645463049579	0.388774555659495	0.389710009354537	0.383348924228251	0.393826005612722	0.393451824134705	0.392329279700655	0.376613657623948	0.376239476145931	0.381665107577175	0.380355472404116	0.378484565014032	0.378110383536015	0.382413470533209	0.375304022450889	0.378297474275023	0.380355472404116
18@MEX	0.376239476145931	0.371749298409729	0.376052385406922	0.372123479887746	0.378858746492049	0.366510757717493	0.372871842843779	0.369130028063611	0.376987839101964	0.365762394761459	0.150608044901777	0.155659494855005	0.170252572497661	0.112067352666043	0.143685687558466	0.154911131898971	0.162207670720299	0	0.164078578110384	0.142376052385407	0.370065481758653	0.367259120673527	0.378297474275023	0.37867165575304	0.372684752104771	0.374181478016838	0.380729653882133	0.37043966323667	0.369691300280636	0.373246024321796	0.375865294667914	0.376426566884939	0.375865294667914	0.379607109448082	0.371936389148737	0.383723105706268	0.376613657623948	0.382600561272217	0.369878391019645	0.370813844714687	0.385968194574369	0.387652011225444	0.385406922357343	0.385219831618335	0.382600561272217	0.382413470533209	0.377174929840973	0.388026192703461	0.386903648269411	0.386529466791394	0.37043966323667	0.374181478016838	0.377362020579981	0.373058933582788	0.371188026192703	0.371936389148737	0.372871842843779	0.366136576239476	0.376613657623948	0.374555659494855
19@MEX	0.368568755846586	0.361085126286249	0.36688493919551	0.35622076707203	0.368942937324602	0.361459307764266	0.36333021515435	0.358840037418148	0.3644527595884	0.358840037418148	0.16089803554724	0.153975678203929	0.171188026192703	0.16688493919551	0.160710944808232	0.163704396632367	0.158652946679139	0.164078578110384	0	0.133582787652011	0.366136576239476	0.362207670720299	0.369504209541628	0.369130028063611	0.368755846585594	0.363517305893358	0.369691300280636	0.363891487371375	0.356033676333022	0.361459307764266	0.360710944808232	0.368381665107577	0.363704396632367	0.367072029934518	0.363517305893358	0.370065481758653	0.3644527595884	0.369691300280636	0.3644527595884	0.361272217025257	0.376800748362956	0.378484565014032	0.376239476145931	0.376052385406922	0.373433115060805	0.373620205799813	0.36800748362956	0.378858746492049	0.377736202057998	0.377362020579981	0.361646398503274	0.362020579981291	0.361085126286249	0.360149672591207	0.356033676333022	0.356407857811038	0.367072029934518	0.362207670720299	0.366323666978485	0.362020579981291
20@MEX	0.36333021515435	0.358091674462114	0.361646398503274	0.36333021515435	0.369317118802619	0.354724041159963	0.358840037418148	0.35622076707203	0.365949485500468	0.352478952291862	0.139943872778297	0.141627689429373	0.151730589335828	0.150795135640786	0.127034611786717	0.160336763330215	0.146304957904584	0.142376052385407	0.133582787652011	0	0.357530402245089	0.353975678203929	0.365014031805426	0.363891487371375	0.360523854069224	0.35977549111319	0.365949485500468	0.356407857811038	0.356407857811038	0.361459307764266	0.367446211412535	0.362768942937325	0.363704396632367	0.37156220767072	0.357904583723106	0.376426566884939	0.37043966323667	0.373433115060805	0.358465855940131	0.36089803554724	0.374181478016838	0.375865294667914	0.372871842843779	0.372684752104771	0.370813844714687	0.370252572497661	0.364639850327409	0.375491113189897	0.374368568755847	0.37399438727783	0.358278765201123	0.362020579981291	0.362956033676333	0.366510757717493	0.366136576239476	0.363143124415341	0.364826941066417	0.358091674462114	0.365201122544434	0.367633302151543
21@ML	0.188026192703461	0.180542563143124	0.184845650140318	0.203367633302152	0.201496725912067	0.185406922357343	0.191393826005613	0.203741814780168	0.180542563143124	0.188400374181478	0.372871842843779	0.365201122544434	0.370065481758653	0.378858746492049	0.367820392890552	0.361833489242282	0.378110383536015	0.370065481758653	0.366136576239476	0.357530402245089	0	0.121047708138447	0.174368568755847	0.156033676333022	0.139943872778297	0.15266604303087	0.1644527595884	0.141814780168382	0.171000935453695	0.150608044901777	0.182039289055192	0.182600561272217	0.166323666978485	0.180168381665108	0.179232927970065	0.177174929840973	0.174555659494855	0.207483629560337	0.153227315247895	0.168755846585594	0.188774555659495	0.186716557530402	0.187090739008419	0.190645463049579	0.189897100093545	0.179607109448082	0.180355472404116	0.188587464920486	0.187090739008419	0.185594013096352	0.156782039289055	0.178858746492049	0.164078578110384	0.175491113189897	0.180355472404116	0.177362020579981	0.17754911131899	0.202993451824135	0.174929840972872	0.182600561272217
22@ML	0.175491113189897	0.168755846585594	0.174555659494855	0.178484565014032	0.194948550046773	0.158652946679139	0.183348924228251	0.177736202057998	0.171000935453695	0.16688493919551	0.369317118802619	0.360523854069224	0.365388213283442	0.373807296538821	0.362394761459308	0.355285313376988	0.374181478016838	0.367259120673527	0.362207670720299	0.353975678203929	0.121047708138447	0	0.153601496725912	0.14200187090739	0.117680074836296	0.139756782039289	0.157904583723106	0.0855004677268475	0.144246959775491	0.128344246959776	0.181852198316183	0.157717492984097	0.156782039289055	0.165388213283442	0.14798877455566	0.177736202057998	0.15378858746492	0.190458372310571	0.15378858746492	0.146492048643592	0.170626753975678	0.182413470533209	0.184284377923293	0.174368568755847	0.175865294667914	0.17156220767072	0.165201122544434	0.181665107577175	0.18465855940131	0.183910196445276	0.15622076707203	0.168942937324602	0.172871842843779	0.17156220767072	0.159962581852198	0.165575304022451	0.166136576239476	0.184097287184284	0.166510757717493	0.180168381665108
23@ML	0.196632366697848	0.173058933582788	0.210289990645463	0.197006548175865	0.20710944808232	0.18578110383536	0.192516370439663	0.190645463049579	0.188026192703461	0.188026192703461	0.381478016838167	0.372310570626754	0.378297474275023	0.387090739008419	0.372684752104771	0.362581852198316	0.385968194574369	0.378297474275023	0.369504209541628	0.365014031805426	0.174368568755847	0.153601496725912	0	0.148175865294668	0.132460243217961	0.155659494855005	0.143872778297474	0.154162768942937	0.162020579981291	0.153227315247895	0.176052385406922	0.164265668849392	0.168194574368569	0.178297474275023	0.171000935453695	0.196632366697848	0.193264733395697	0.185406922357343	0.158091674462114	0.169504209541628	0.176052385406922	0.181478016838167	0.177736202057998	0.176800748362956	0.183161833489242	0.18110383536015	0.1822263797942	0.178110383536015	0.181478016838167	0.180729653882133	0.15378858746492	0.173620205799813	0.162956033676333	0.165762394761459	0.170626753975678	0.155659494855005	0.160710944808232	0.170065481758653	0.162581852198316	0.162768942937325
24@ML	0.18578110383536	0.173433115060804	0.192703461178672	0.194761459307764	0.208980355472404	0.184284377923293	0.192516370439663	0.197754911131899	0.182039289055192	0.180542563143124	0.379232927970065	0.371188026192703	0.377923292797007	0.387090739008419	0.374555659494855	0.362581852198316	0.385219831618335	0.37867165575304	0.369130028063611	0.363891487371375	0.156033676333022	0.14200187090739	0.148175865294668	0	0.134705332086062	0.110757717492984	0.131150608044902	0.148175865294668	0.140318054256314	0.140130963517306	0.169317118802619	0.15266604303087	0.148362956033676	0.153227315247895	0.160523854069224	0.169691300280636	0.170065481758653	0.188026192703461	0.161833489242282	0.143311506080449	0.150233863423761	0.151917680074836	0.15378858746492	0.155472404115996	0.16333021515435	0.144059869036483	0.154536950420954	0.150795135640786	0.154911131898971	0.148550046772685	0.150046772684752	0.187090739008419	0.164078578110384	0.175865294667914	0.183723105706268	0.15977549111319	0.167446211412535	0.194761459307764	0.175304022450889	0.156033676333022
25@ML	0.17754911131899	0.176800748362956	0.18110383536015	0.182413470533209	0.200748362956034	0.170065481758653	0.18578110383536	0.177923292797007	0.172310570626754	0.170065481758653	0.375491113189897	0.367446211412535	0.37156220767072	0.380355472404116	0.367446211412535	0.361833489242282	0.379232927970065	0.372684752104771	0.368755846585594	0.360523854069224	0.139943872778297	0.117680074836296	0.132460243217961	0.134705332086062	0	0.13732460243218	0.124415341440599	0.131711880261927	0.141066417212348	0.135640785781104	0.164078578110384	0.154911131898971	0.150982226379794	0.17043966323667	0.169504209541628	0.168568755846586	0.167446211412535	0.179420018709074	0.14798877455566	0.161646398503274	0.1644527595884	0.165014031805426	0.165388213283442	0.166697848456501	0.177174929840973	0.154536950420954	0.172871842843779	0.157904583723106	0.16800748362956	0.157530402245089	0.156407857811038	0.171749298409729	0.171188026192703	0.154911131898971	0.161646398503274	0.161272217025257	0.167820392890552	0.174555659494855	0.17043966323667	0.142188961646398
26@ML	0.179794200187091	0.168942937324602	0.183348924228251	0.18465855940131	0.208980355472404	0.183536014967259	0.17754911131899	0.186155285313377	0.182787652011225	0.176800748362956	0.373246024321796	0.367820392890552	0.373058933582788	0.3822263797942	0.369691300280636	0.362581852198316	0.378858746492049	0.374181478016838	0.363517305893358	0.35977549111319	0.15266604303087	0.139756782039289	0.155659494855005	0.110757717492984	0.13732460243218	0	0.130028063610851	0.132086061739944	0.150046772684752	0.13376987839102	0.169691300280636	0.15266604303087	0.150982226379794	0.172684752104771	0.164639850327409	0.176800748362956	0.159214218896165	0.174181478016838	0.155846585594013	0.141440598690365	0.141253507951356	0.150795135640786	0.153040224508887	0.143872778297474	0.144621141253508	0.151169317118803	0.143685687558466	0.150420954162769	0.158278765201123	0.143685687558466	0.158278765201123	0.1822263797942	0.169317118802619	0.163143124415341	0.162394761459308	0.161272217025257	0.162956033676333	0.180542563143124	0.167820392890552	0.170626753975678
27@ML	0.179981290926099	0.171749298409729	0.185406922357343	0.191955098222638	0.200187090739008	0.177736202057998	0.195696913002806	0.184097287184284	0.177736202057998	0.179232927970065	0.381665107577175	0.371000935453695	0.378110383536015	0.386155285313377	0.37511693171188	0.35977549111319	0.383161833489242	0.380729653882133	0.369691300280636	0.365949485500468	0.1644527595884	0.157904583723106	0.143872778297474	0.131150608044902	0.124415341440599	0.130028063610851	0	0.136389148737138	0.127034611786717	0.143311506080449	0.16089803554724	0.163704396632367	0.149672591206735	0.160149672591207	0.162956033676333	0.166510757717493	0.176987839101964	0.177736202057998	0.16089803554724	0.153227315247895	0.170626753975678	0.164826941066417	0.169691300280636	0.16688493919551	0.175491113189897	0.15622076707203	0.168194574368569	0.16333021515435	0.169691300280636	0.157717492984097	0.156594948550047	0.188774555659495	0.169130028063611	0.151356407857811	0.167446211412535	0.161833489242282	0.172123479887746	0.184845650140318	0.160149672591207	0.155472404115996
28@ML	0.172684752104771	0.161459307764266	0.184471468662301	0.182787652011225	0.181665107577175	0.161833489242282	0.174181478016838	0.169691300280636	0.17867165575304	0.162581852198316	0.369878391019645	0.362956033676333	0.368194574368569	0.37511693171188	0.367072029934518	0.358465855940131	0.373620205799813	0.37043966323667	0.363891487371375	0.356407857811038	0.141814780168382	0.0855004677268475	0.154162768942937	0.148175865294668	0.131711880261927	0.132086061739944	0.136389148737138	0	0.142188961646398	0.121421889616464	0.176052385406922	0.133582787652011	0.140130963517306	0.148737137511693	0.147801683816651	0.166323666978485	0.148362956033676	0.168194574368569	0.156969130028064	0.148550046772685	0.167446211412535	0.178858746492049	0.175491113189897	0.164826941066417	0.170813844714687	0.167259120673527	0.160149672591207	0.171000935453695	0.177736202057998	0.172497661365762	0.154911131898971	0.161646398503274	0.17156220767072	0.161646398503274	0.160523854069224	0.164265668849392	0.162581852198316	0.170065481758653	0.16333021515435	0.18110383536015
29@ML	0.179794200187091	0.173807296538821	0.172123479887746	0.168194574368569	0.191019644527596	0.173058933582788	0.178297474275023	0.170813844714687	0.167072029934518	0.176052385406922	0.368755846585594	0.358091674462114	0.361459307764266	0.369878391019645	0.365201122544434	0.352853133769878	0.370626753975678	0.369691300280636	0.356033676333022	0.356407857811038	0.171000935453695	0.144246959775491	0.162020579981291	0.140318054256314	0.141066417212348	0.150046772684752	0.127034611786717	0.142188961646398	0	0.152104770813845	0.17156220767072	0.184097287184284	0.146117867165575	0.14200187090739	0.149298409728718	0.167072029934518	0.159214218896165	0.171936389148737	0.159588400374181	0.148175865294668	0.187652011225444	0.193826005612722	0.190832553788587	0.186155285313377	0.19176800748363	0.177736202057998	0.184097287184284	0.186716557530402	0.193077642656689	0.189710009354537	0.150420954162769	0.16688493919551	0.155472404115996	0.156782039289055	0.156033676333022	0.150420954162769	0.157717492984097	0.182039289055192	0.155472404115996	0.161646398503274
30@ML	0.175491113189897	0.167259120673527	0.181290926099158	0.1822263797942	0.20467726847521	0.169504209541628	0.17399438727783	0.178484565014032	0.170626753975678	0.165388213283442	0.373058933582788	0.370252572497661	0.374368568755847	0.380542563143124	0.371749298409729	0.360149672591207	0.37867165575304	0.373246024321796	0.361459307764266	0.361459307764266	0.150608044901777	0.128344246959776	0.153227315247895	0.140130963517306	0.135640785781104	0.13376987839102	0.143311506080449	0.121421889616464	0.152104770813845	0	0.176987839101964	0.161085126286249	0.151169317118803	0.158278765201123	0.150982226379794	0.178858746492049	0.156407857811038	0.177362020579981	0.136202057998129	0.152853133769878	0.174368568755847	0.183910196445276	0.180542563143124	0.169130028063611	0.174742750233863	0.172310570626754	0.171936389148737	0.174929840972872	0.183910196445276	0.17867165575304	0.143872778297474	0.154349859681946	0.146679139382601	0.160336763330215	0.149859681945744	0.153975678203929	0.162768942937325	0.171749298409729	0.163517305893358	0.168942937324602
31@SL	0.223386342376052	0.183723105706268	0.205238540692236	0.188587464920486	0.202806361085126	0.212909260991581	0.205425631431244	0.193826005612722	0.184845650140318	0.20355472404116	0.376800748362956	0.367259120673527	0.375491113189897	0.381665107577175	0.376239476145931	0.365762394761459	0.380916744621141	0.375865294667914	0.360710944808232	0.367446211412535	0.182039289055192	0.181852198316183	0.176052385406922	0.169317118802619	0.164078578110384	0.169691300280636	0.16089803554724	0.176052385406922	0.17156220767072	0.176987839101964	0	0.147614593077643	0.126099158091674	0.12422825070159	0.131898971000935	0.0939195509822264	0.109260991580917	0.1088868101029	0.142188961646398	0.125537885874649	0.157530402245089	0.154349859681946	0.158091674462114	0.15378858746492	0.160523854069224	0.147614593077643	0.152478952291862	0.149859681945744	0.156969130028064	0.150982226379794	0.158840037418148	0.176052385406922	0.157530402245089	0.145369504209542	0.158465855940131	0.145743685687558	0.176613657623948	0.176239476145931	0.169130028063611	0.141253507951356
32@SL	0.191019644527596	0.164826941066417	0.19644527595884	0.197754911131899	0.203741814780168	0.175304022450889	0.189148737137512	0.185032740879326	0.184284377923293	0.179794200187091	0.378110383536015	0.368942937324602	0.374929840972872	0.380729653882133	0.372310570626754	0.359962581852198	0.378858746492049	0.376426566884939	0.368381665107577	0.362768942937325	0.182600561272217	0.157717492984097	0.164265668849392	0.15266604303087	0.154911131898971	0.15266604303087	0.163704396632367	0.133582787652011	0.184097287184284	0.161085126286249	0.147614593077643	0	0.139008419083255	0.166697848456501	0.1444340505145	0.162956033676333	0.151356407857811	0.143872778297474	0.144621141253508	0.148550046772685	0.15622076707203	0.169130028063611	0.168755846585594	0.154724041159963	0.165949485500468	0.157156220767072	0.153414405986904	0.156782039289055	0.168381665107577	0.162768942937325	0.164265668849392	0.172497661365762	0.164078578110384	0.156782039289055	0.17399438727783	0.164265668849392	0.187277829747428	0.174555659494855	0.174929840972872	0.163891487371375
33@SL	0.207670720299345	0.179232927970065	0.189522918615529	0.191580916744621	0.201309635173059	0.197942001870907	0.196071094480823	0.191580916744621	0.154162768942937	0.18821328344247	0.374929840972872	0.370252572497661	0.372497661365762	0.376052385406922	0.372871842843779	0.363517305893358	0.374929840972872	0.375865294667914	0.363704396632367	0.363704396632367	0.166323666978485	0.156782039289055	0.168194574368569	0.148362956033676	0.150982226379794	0.150982226379794	0.149672591206735	0.140130963517306	0.146117867165575	0.151169317118803	0.126099158091674	0.139008419083255	0	0.125350795135641	0.130028063610851	0.0927970065481759	0.0707202993451824	0.151543498596819	0.120860617399439	0.110944808231993	0.142188961646398	0.14911131898971	0.152104770813845	0.139943872778297	0.146679139382601	0.138634237605239	0.140505144995323	0.144995322731525	0.150608044901777	0.140505144995323	0.149485500467727	0.156594948550047	0.14555659494855	0.154349859681946	0.147240411599626	0.144246959775491	0.166510757717493	0.177362020579981	0.156033676333022	0.143872778297474
34@SL	0.20467726847521	0.174368568755847	0.190645463049579	0.174742750233863	0.18110383536015	0.1822263797942	0.190832553788587	0.18110383536015	0.16688493919551	0.193077642656689	0.380542563143124	0.371749298409729	0.378484565014032	0.38465855940131	0.38110383536015	0.372123479887746	0.384284377923293	0.379607109448082	0.367072029934518	0.37156220767072	0.180168381665108	0.165388213283442	0.178297474275023	0.153227315247895	0.17043966323667	0.172684752104771	0.160149672591207	0.148737137511693	0.14200187090739	0.158278765201123	0.12422825070159	0.166697848456501	0.125350795135641	0	0.120299345182413	0.105519176800748	0.105144995322732	0.147053320860617	0.155659494855005	0.122918615528531	0.179232927970065	0.182039289055192	0.179420018709074	0.177736202057998	0.188587464920486	0.173433115060804	0.17867165575304	0.177174929840973	0.182039289055192	0.176426566884939	0.146492048643592	0.168568755846586	0.151543498596819	0.140130963517306	0.155472404115996	0.14200187090739	0.162394761459308	0.169878391019645	0.149672591206735	0.154724041159963
35@SL	0.196632366697848	0.162207670720299	0.179232927970065	0.180916744621141	0.190271281571562	0.183910196445276	0.182413470533209	0.171188026192703	0.161459307764266	0.182039289055192	0.373246024321796	0.36333021515435	0.369317118802619	0.377362020579981	0.368194574368569	0.361833489242282	0.37511693171188	0.371936389148737	0.363517305893358	0.357904583723106	0.179232927970065	0.14798877455566	0.171000935453695	0.160523854069224	0.169504209541628	0.164639850327409	0.162956033676333	0.147801683816651	0.149298409728718	0.150982226379794	0.131898971000935	0.1444340505145	0.130028063610851	0.120299345182413	0	0.135640785781104	0.119925163704397	0.151356407857811	0.148362956033676	0.105893358278765	0.167446211412535	0.18110383536015	0.178484565014032	0.166323666978485	0.173058933582788	0.166510757717493	0.158652946679139	0.172497661365762	0.172497661365762	0.177362020579981	0.166136576239476	0.155285313376988	0.157717492984097	0.162020579981291	0.164265668849392	0.157156220767072	0.160710944808232	0.169691300280636	0.144621141253508	0.176613657623948
36@SL	0.231244153414406	0.194200187090739	0.207483629560337	0.197942001870907	0.202432179607109	0.214405986903648	0.214780168381665	0.20355472404116	0.168755846585594	0.208793264733396	0.381665107577175	0.374742750233863	0.378858746492049	0.388026192703461	0.385968194574369	0.375491113189897	0.386903648269411	0.383723105706268	0.370065481758653	0.376426566884939	0.177174929840973	0.177736202057998	0.196632366697848	0.169691300280636	0.168568755846586	0.176800748362956	0.166510757717493	0.166323666978485	0.167072029934518	0.178858746492049	0.0939195509822264	0.162956033676333	0.0927970065481759	0.105519176800748	0.135640785781104	0	0.0890551917680075	0.140318054256314	0.151917680074836	0.125163704396632	0.170626753975678	0.166323666978485	0.171936389148737	0.167259120673527	0.170626753975678	0.158465855940131	0.165575304022451	0.166697848456501	0.169317118802619	0.167446211412535	0.159214218896165	0.177923292797007	0.171000935453695	0.160710944808232	0.165201122544434	0.158091674462114	0.187464920486436	0.191206735266604	0.166136576239476	0.157717492984097
37@SL	0.214780168381665	0.182600561272217	0.196632366697848	0.18821328344247	0.190832553788587	0.200187090739008	0.202057998129093	0.198690364826941	0.154911131898971	0.202432179607109	0.376052385406922	0.370626753975678	0.378110383536015	0.381665107577175	0.379232927970065	0.369504209541628	0.380916744621141	0.376613657623948	0.3644527595884	0.37043966323667	0.174555659494855	0.15378858746492	0.193264733395697	0.170065481758653	0.167446211412535	0.159214218896165	0.176987839101964	0.148362956033676	0.159214218896165	0.156407857811038	0.109260991580917	0.151356407857811	0.0707202993451824	0.105144995322732	0.119925163704397	0.0890551917680075	0	0.138072965388213	0.135827876520112	0.09822263797942	0.149298409728718	0.165201122544434	0.169317118802619	0.151917680074836	0.155659494855005	0.153601496725912	0.147614593077643	0.1644527595884	0.165201122544434	0.161085126286249	0.158840037418148	0.151730589335828	0.157904583723106	0.143872778297474	0.130776426566885	0.139382600561272	0.159027128157156	0.167259120673527	0.15378858746492	0.154349859681946
